0 503 362 371 379 66 373 115 529 267 585 119 506 564 346 527 407 183 477 499 200 239 327 429 412 565 201 676 543 437 510 461 474 28 65 207 300 428 540 776 327 139 315 407 131 512 126 412 209 376 471 448 768 599 497 323 484 548 14 514 681 158 479 447 343 286 273 72 340 239 719 442 579 126 271 204 522 128 351 138 440 753 517 769 377 610 483 64 701 200 181 655 509 609 327 451 120 440 519 385 
503 0 635 132 652 513 848 388 280 742 264 594 185 315 303 206 680 456 434 663 675 328 802 702 685 522 474 840 294 198 534 625 153 475 540 296 775 385 291 940 600 642 588 511 382 263 399 91 684 127 635 199 1041 350 176 596 235 299 489 787 954 605 503 471 616 559 230 519 297 512 992 715 743 377 746 679 273 575 308 389 713 504 681 933 541 361 440 567 974 675 684 406 466 882 802 475 595 397 543 136 
362 635 0 503 169 372 707 247 661 601 717 453 638 696 405 659 197 315 609 289 534 371 661 219 202 460 161 466 675 569 300 251 606 334 399 339 634 323 672 566 117 501 105 197 263 644 236 544 543 508 261 580 558 731 629 113 616 680 348 304 471 464 269 237 133 76 405 378 472 371 509 80 369 258 605 538 654 434 410 270 230 885 307 559 167 742 378 426 491 534 543 787 404 399 661 241 454 572 309 517 
371 132 503 0 520 381 716 256 158 610 214 462 135 193 171 156 548 324 302 531 543 196 670 570 553 390 342 708 172 66 402 493 103 343 408 164 643 253 169 808 468 510 456 379 250 141 267 41 552 5 503 77 909 228 126 464 113 177 357 655 822 473 371 339 484 427 98 387 165 380 860 583 611 245 614 547 151 443 176 257 581 382 549 801 409 239 308 435 842 543 552 284 334 750 670 343 463 265 411 14 
379 652 169 520 0 389 724 264 678 618 734 470 655 713 422 676 140 332 626 306 551 388 678 50 145 477 178 483 692 586 317 268 623 351 416 356 651 340 689 583 134 518 122 214 280 661 253 561 560 525 278 597 389 748 646 56 633 697 365 135 302 481 286 254 76 93 422 395 489 388 340 249 386 275 622 555 671 451 427 287 173 902 324 576 184 759 395 443 322 551 560 804 421 230 678 258 471 589 326 534 
66 513 372 381 389 0 411 125 539 305 595 157 516 574 356 537 417 193 487 509 238 249 365 439 422 575 211 686 553 447 520 471 484 38 103 217 338 438 550 786 337 205 325 417 141 522 136 422 247 386 481 458 778 609 507 333 494 558 52 524 691 92 489 457 353 296 283 6 350 249 729 452 589 136 309 242 532 138 361 148 450 763 527 779 387 620 493 130 711 238 247 665 519 619 365 461 158 450 529 395 
373 848 707 716 724 411 0 460 874 106 930 362 851 909 691 872 752 528 822 844 173 584 46 774 757 910 546 1021 888 782 855 806 819 373 308 552 265 773 885 1121 672 512 660 752 476 857 471 757 164 721 816 793 1113 944 842 668 829 893 359 859 1026 503 824 792 688 631 618 417 685 584 1064 787 924 471 102 169 867 473 696 483 785 1098 862 1114 722 955 828 437 1046 173 554 1000 854 954 46 796 253 785 864 730 
115 388 247 256 264 125 460 0 414 354 470 206 391 449 231 412 292 68 362 384 287 124 414 314 297 450 86 561 428 322 395 346 359 87 152 92 387 313 425 661 212 254 200 292 16 397 11 297 296 261 356 333 653 484 382 208 369 433 101 399 566 217 364 332 228 171 158 131 225 124 604 327 464 11 358 291 407 187 236 23 325 638 402 654 262 495 368 179 586 287 296 540 394 494 414 336 207 325 404 270 
529 280 661 158 678 539 874 414 0 768 362 620 283 69 329 304 706 482 460 689 701 354 828 728 711 548 500 866 14 224 560 651 251 501 566 322 801 411 45 966 626 668 614 537 408 17 425 189 710 153 661 81 1067 104 274 622 243 53 515 813 980 631 529 497 642 585 256 545 323 538 1018 741 769 403 772 705 27 601 334 415 739 258 707 959 567 81 466 593 1000 701 710 160 492 908 828 501 621 423 569 144 
267 742 601 610 618 305 106 354 768 0 824 256 745 803 585 766 646 422 716 738 67 478 60 668 651 804 440 915 782 676 749 700 713 267 202 446 159 667 779 1015 566 406 554 646 370 751 365 651 58 615 710 687 1007 838 736 562 723 787 253 753 920 397 718 686 582 525 512 311 579 478 958 681 818 365 4 63 761 367 590 377 679 992 756 1008 616 849 722 331 940 67 448 894 748 848 60 690 147 679 758 624 
585 264 717 214 734 595 930 470 362 824 0 676 79 397 385 164 762 538 516 745 757 410 884 784 767 604 556 922 376 280 616 707 111 557 622 378 857 467 373 1022 682 724 670 593 464 345 481 173 766 209 717 281 1123 432 134 678 317 381 571 869 1036 687 585 553 698 641 312 601 379 594 1074 797 825 459 828 761 355 657 390 471 795 586 763 1015 623 443 522 649 1056 757 766 488 548 964 884 557 677 479 625 218 
119 594 453 462 470 157 362 206 620 256 676 0 597 655 437 618 498 274 568 590 189 330 316 520 503 656 292 767 634 528 601 552 565 119 54 298 289 519 631 867 418 258 406 498 222 603 217 503 198 467 562 539 859 690 588 414 575 639 105 605 772 249 570 538 434 377 364 163 431 330 810 533 670 217 260 193 613 219 442 229 531 844 608 860 468 701 574 183 792 189 300 746 600 700 316 542 109 531 610 476 
506 185 638 135 655 516 851 391 283 745 79 597 0 318 306 85 683 459 437 666 678 331 805 705 688 525 477 843 297 201 537 628 32 478 543 299 778 388 294 943 603 645 591 514 385 266 402 94 687 130 638 202 1044 353 55 599 238 302 492 790 957 608 506 474 619 562 233 522 300 515 995 718 746 380 749 682 276 578 311 392 716 507 684 936 544 364 443 570 977 678 687 409 469 885 805 478 598 400 546 139 
564 315 696 193 713 574 909 449 69 803 397 655 318 0 364 339 741 517 495 724 736 389 863 763 746 583 535 901 83 259 595 686 286 536 601 357 836 446 60 1001 661 703 649 572 443 52 460 224 745 188 696 116 1102 35 309 657 278 68 550 848 1015 666 564 532 677 620 291 580 358 573 1053 776 804 438 807 740 42 636 369 450 774 189 742 994 602 150 501 628 1035 736 745 91 527 943 863 536 656 458 604 179 
346 303 405 171 422 356 691 231 329 585 385 437 306 364 0 327 450 299 277 360 518 171 645 472 455 219 317 537 343 237 231 322 274 318 383 139 618 82 340 637 370 485 358 208 225 312 242 212 527 176 332 248 811 399 297 366 284 348 332 557 724 448 200 168 386 329 73 362 140 355 762 485 440 220 589 522 322 418 5 232 483 553 378 630 238 410 137 410 744 518 527 455 163 652 645 172 438 240 240 185 
527 206 659 156 676 537 872 412 304 766 164 618 85 339 327 0 704 480 458 687 699 352 826 726 709 546 498 864 318 222 558 649 53 499 564 320 799 409 315 964 624 666 612 535 406 287 423 115 708 151 659 223 1065 374 76 620 259 323 513 811 978 629 527 495 640 583 254 543 321 536 1016 739 767 401 770 703 297 599 332 413 737 528 705 957 565 385 464 591 998 699 708 430 490 906 826 499 619 421 567 160 
407 680 197 548 140 417 752 292 706 646 762 498 683 741 450 704 0 360 654 334 579 416 706 190 173 505 206 511 720 614 345 296 651 379 444 384 679 368 717 611 162 546 150 242 308 689 281 589 588 553 306 625 529 776 674 84 661 725 393 275 442 509 314 282 104 121 450 423 517 416 480 277 414 303 650 583 699 479 455 315 201 930 352 604 212 787 423 471 462 579 588 832 449 370 706 286 499 617 354 562 
183 456 315 324 332 193 528 68 482 422 538 274 459 517 299 480 360 0 430 452 355 192 482 382 365 518 154 629 496 390 463 414 427 155 220 160 455 381 493 729 280 322 268 360 84 465 79 365 364 329 424 401 721 552 450 276 437 501 169 467 634 285 432 400 296 239 226 199 293 56 672 395 532 79 426 359 475 255 304 91 393 706 470 722 330 563 436 247 654 355 364 608 462 562 482 404 275 393 472 338 
477 434 609 302 626 487 822 362 460 716 516 568 437 495 277 458 654 430 0 637 649 302 776 676 659 496 448 814 474 368 508 599 405 449 514 270 749 359 471 914 574 616 562 485 356 443 373 343 658 307 609 379 1015 530 428 570 415 479 463 761 928 579 477 445 590 533 204 493 137 486 966 689 717 351 720 653 453 549 282 363 687 684 655 907 515 541 414 541 948 649 658 586 440 856 776 449 569 37 517 316 
499 663 289 531 306 509 844 384 689 738 745 590 666 724 360 687 334 452 637 0 671 508 798 356 339 415 298 177 703 597 255 38 634 471 536 476 771 278 700 277 254 638 242 152 400 672 373 572 680 536 48 608 695 759 657 250 644 708 485 441 608 601 224 192 270 213 433 515 500 508 646 369 80 395 742 675 682 571 365 407 367 913 18 270 122 770 333 563 628 671 680 815 359 536 798 196 591 600 264 545 
200 675 534 543 551 238 173 287 701 67 757 189 678 736 518 699 579 355 649 671 0 411 127 601 584 737 373 848 715 609 682 633 646 200 135 379 100 600 712 948 499 339 487 579 303 684 298 584 9 548 643 620 940 771 669 495 656 720 186 686 853 330 651 619 515 458 445 244 512 411 891 614 751 298 71 4 694 300 523 310 612 925 689 941 549 782 655 264 873 0 381 827 681 781 127 623 80 612 691 557 
239 328 371 196 388 249 584 124 354 478 410 330 331 389 171 352 416 192 302 508 411 0 538 438 421 390 210 685 368 262 402 470 299 211 276 32 511 253 365 785 336 378 324 379 118 337 135 237 420 201 480 273 777 424 322 332 309 373 225 523 690 341 371 339 352 295 98 255 165 248 728 451 588 113 482 415 347 311 176 125 449 578 526 778 386 435 308 303 710 411 420 480 334 618 538 343 331 265 411 210 
327 802 661 670 678 365 46 414 828 60 884 316 805 863 645 826 706 482 776 798 127 538 0 728 711 864 500 975 842 736 809 760 773 327 262 506 219 727 839 1075 626 466 614 706 430 811 425 711 118 675 770 747 1067 898 796 622 783 847 313 813 980 457 778 746 642 585 572 371 639 538 1018 741 878 425 56 123 821 427 650 437 739 1052 816 1068 676 909 782 391 1000 127 508 954 808 908 0 750 207 739 818 684 
429 702 219 570 50 439 774 314 728 668 784 520 705 763 472 726 190 382 676 356 601 438 728 0 195 527 228 533 742 636 367 318 673 401 466 406 701 390 739 633 184 568 172 264 330 711 303 611 610 575 328 647 339 798 696 106 683 747 415 85 252 531 336 304 126 143 472 445 539 438 290 299 436 325 672 605 721 501 477 337 223 952 374 626 234 809 445 493 272 601 610 854 471 180 728 308 521 639 376 584 
412 685 202 553 145 422 757 297 711 651 767 503 688 746 455 709 173 365 659 339 584 421 711 195 0 510 211 516 725 619 350 301 656 384 449 389 684 373 722 616 167 551 155 247 313 694 286 594 593 558 311 630 534 781 679 89 666 730 398 280 447 514 319 287 69 126 455 428 522 421 485 282 419 308 655 588 704 484 460 320 166 935 357 609 217 792 428 476 467 584 593 837 454 375 711 291 504 622 359 567 
565 522 460 390 477 575 910 450 548 804 604 656 525 583 219 546 505 518 496 415 737 390 864 527 510 0 469 592 562 456 286 377 493 537 602 358 837 137 559 692 425 704 413 263 444 531 461 431 746 395 387 467 866 618 516 421 503 567 551 612 779 667 255 223 441 384 292 581 359 574 817 540 495 439 808 741 541 637 224 451 538 772 433 685 293 629 82 629 799 737 746 674 56 707 864 227 657 459 295 404 
201 474 161 342 178 211 546 86 500 440 556 292 477 535 317 498 206 154 448 298 373 210 500 228 211 469 0 475 514 408 309 260 445 173 238 178 473 332 511 575 126 340 114 206 102 483 75 383 382 347 270 419 567 570 468 122 455 519 187 313 480 303 278 246 142 85 244 217 311 210 518 241 378 97 444 377 493 273 322 109 239 724 316 568 176 581 387 265 500 373 382 626 413 408 500 250 293 411 318 356 
676 840 466 708 483 686 1021 561 866 915 922 767 843 901 537 864 511 629 814 177 848 685 975 533 516 592 475 0 880 774 432 215 811 648 713 653 948 455 877 100 431 815 419 329 577 849 550 749 857 713 225 785 872 936 834 427 821 885 662 618 785 778 401 369 447 390 610 692 677 685 823 546 97 572 919 852 859 748 542 584 544 1090 195 93 299 947 510 740 805 848 857 992 536 713 975 373 768 777 441 722 
543 294 675 172 692 553 888 428 14 782 376 634 297 83 343 318 720 496 474 703 715 368 842 742 725 562 514 880 0 238 574 665 265 515 580 336 815 425 59 980 640 682 628 551 422 31 439 203 724 167 675 95 1081 118 288 636 257 67 529 827 994 645 543 511 656 599 270 559 337 552 1032 755 783 417 786 719 41 615 348 429 753 272 721 973 581 67 480 607 1014 715 724 174 506 922 842 515 635 437 583 158 
437 198 569 66 586 447 782 322 224 676 280 528 201 259 237 222 614 390 368 597 609 262 736 636 619 456 408 774 238 0 468 559 169 409 474 230 709 319 235 874 534 576 522 445 316 207 333 107 618 71 569 143 975 294 192 530 179 243 423 721 888 539 437 405 550 493 164 453 231 446 926 649 677 311 680 613 217 509 242 323 647 448 615 867 475 305 374 501 908 609 618 350 400 816 736 409 529 331 477 80 
510 534 300 402 317 520 855 395 560 749 616 601 537 595 231 558 345 463 508 255 682 402 809 367 350 286 309 432 574 468 0 217 505 482 547 370 782 149 571 532 265 649 253 103 411 543 384 443 691 407 227 479 706 630 528 261 515 579 496 452 619 612 95 63 281 224 304 526 371 519 657 380 335 406 753 686 553 582 236 418 378 784 273 525 133 641 204 574 639 682 691 686 230 547 809 59 602 471 135 416 
461 625 251 493 268 471 806 346 651 700 707 552 628 686 322 649 296 414 599 38 633 470 760 318 301 377 260 215 665 559 217 0 596 433 498 438 733 240 662 315 216 600 204 114 362 634 335 534 642 498 10 570 657 721 619 212 606 670 447 403 570 563 186 154 232 175 395 477 462 470 608 331 118 357 704 637 644 533 327 369 329 875 56 308 84 732 295 525 590 633 642 777 321 498 760 158 553 562 226 507 
474 153 606 103 623 484 819 359 251 713 111 565 32 286 274 53 651 427 405 634 646 299 773 673 656 493 445 811 265 169 505 596 0 446 511 267 746 356 262 911 571 613 559 482 353 234 370 62 655 98 606 170 1012 321 23 567 206 270 460 758 925 576 474 442 587 530 201 490 268 483 963 686 714 348 717 650 244 546 279 360 684 475 652 904 512 332 411 538 945 646 655 377 437 853 773 446 566 368 514 107 
28 475 334 343 351 38 373 87 501 267 557 119 478 536 318 499 379 155 449 471 200 211 327 401 384 537 173 648 515 409 482 433 446 0 65 179 300 400 512 748 299 167 287 379 103 484 98 384 209 348 443 420 740 571 469 295 456 520 14 486 653 130 451 419 315 258 245 44 312 211 691 414 551 98 271 204 494 100 323 110 412 725 489 741 349 582 455 92 673 200 209 627 481 581 327 423 120 412 491 357 
65 540 399 408 416 103 308 152 566 202 622 54 543 601 383 564 444 220 514 536 135 276 262 466 449 602 238 713 580 474 547 498 511 65 0 244 235 465 577 813 364 204 352 444 168 549 163 449 144 413 508 485 805 636 534 360 521 585 51 551 718 195 516 484 380 323 310 109 377 276 756 479 616 163 206 139 559 165 388 175 477 790 554 806 414 647 520 129 738 135 246 692 546 646 262 488 55 477 556 422 
207 296 339 164 356 217 552 92 322 446 378 298 299 357 139 320 384 160 270 476 379 32 506 406 389 358 178 653 336 230 370 438 267 179 244 0 479 221 333 753 304 346 292 347 86 305 103 205 388 169 448 241 745 392 290 300 277 341 193 491 658 309 339 307 320 263 66 223 133 216 696 419 556 81 450 383 315 279 144 93 417 546 494 746 354 403 276 271 678 379 388 448 302 586 506 311 299 233 379 178 
300 775 634 643 651 338 265 387 801 159 857 289 778 836 618 799 679 455 749 771 100 511 219 701 684 837 473 948 815 709 782 733 746 300 235 479 0 700 812 1048 599 439 587 679 403 784 398 684 101 648 743 720 1040 871 769 595 756 820 286 786 953 430 751 719 615 558 545 344 612 511 991 714 851 398 163 96 794 400 623 410 712 1025 789 1041 649 882 755 364 973 100 481 927 781 881 219 723 180 712 791 657 
428 385 323 253 340 438 773 313 411 667 467 519 388 446 82 409 368 381 359 278 600 253 727 390 373 137 332 455 425 319 149 240 356 400 465 221 700 0 422 555 288 567 276 126 307 394 324 294 609 258 250 330 729 481 379 284 366 430 414 475 642 530 118 86 304 247 155 444 222 437 680 403 358 302 671 604 404 500 87 314 401 635 296 548 156 492 55 492 662 600 609 537 81 570 727 90 520 322 158 267 
540 291 672 169 689 550 885 425 45 779 373 631 294 60 340 315 717 493 471 700 712 365 839 739 722 559 511 877 59 235 571 662 262 512 577 333 812 422 0 977 637 679 625 548 419 28 436 200 721 164 672 92 1078 95 285 633 254 44 526 824 991 642 540 508 653 596 267 556 334 549 1029 752 780 414 783 716 18 612 345 426 750 249 718 970 578 126 477 604 1011 712 721 151 503 919 839 512 632 434 580 155 
776 940 566 808 583 786 1121 661 966 1015 1022 867 943 1001 637 964 611 729 914 277 948 785 1075 633 616 692 575 100 980 874 532 315 911 748 813 753 1048 555 977 0 531 915 519 429 677 949 650 849 957 813 325 885 972 1036 934 527 921 985 762 718 885 878 501 469 547 490 710 792 777 785 923 646 197 672 1019 952 959 848 642 684 644 1190 295 193 399 1047 610 840 905 948 957 1092 636 813 1075 473 868 877 541 822 
327 600 117 468 134 337 672 212 626 566 682 418 603 661 370 624 162 280 574 254 499 336 626 184 167 425 126 431 640 534 265 216 571 299 364 304 599 288 637 531 0 466 12 162 228 609 201 509 508 473 226 545 523 696 594 78 581 645 313 269 436 429 234 202 98 41 370 343 437 336 474 197 334 223 570 503 619 399 375 235 195 850 272 524 132 707 343 391 456 499 508 752 369 364 626 206 419 537 274 482 
139 642 501 510 518 205 512 254 668 406 724 258 645 703 485 666 546 322 616 638 339 378 466 568 551 704 340 815 682 576 649 600 613 167 204 346 439 567 679 915 466 0 454 546 270 651 265 551 348 515 610 587 907 738 636 462 623 687 153 653 820 297 618 586 482 425 412 211 479 378 858 581 718 265 410 343 661 267 490 277 579 892 656 908 516 749 622 75 840 339 42 794 648 748 466 590 259 579 658 524 
315 588 105 456 122 325 660 200 614 554 670 406 591 649 358 612 150 268 562 242 487 324 614 172 155 413 114 419 628 522 253 204 559 287 352 292 587 276 625 519 12 454 0 150 216 597 189 497 496 461 214 533 511 684 582 66 569 633 301 257 424 417 222 190 86 29 358 331 425 324 462 185 322 211 558 491 607 387 363 223 183 838 260 512 120 695 331 379 444 487 496 740 357 352 614 194 407 525 262 470 
407 511 197 379 214 417 752 292 537 646 593 498 514 572 208 535 242 360 485 152 579 379 706 264 247 263 206 329 551 445 103 114 482 379 444 347 679 126 548 429 162 546 150 0 308 520 281 420 588 384 124 456 603 607 505 158 492 556 393 349 516 509 72 40 178 121 281 423 348 416 554 277 232 303 650 583 530 479 213 315 275 761 170 422 30 618 181 471 536 579 588 663 207 444 706 44 499 448 112 393 
131 382 263 250 280 141 476 16 408 370 464 222 385 443 225 406 308 84 356 400 303 118 430 330 313 444 102 577 422 316 411 362 353 103 168 86 403 307 419 677 228 270 216 308 0 391 27 291 312 255 372 327 669 478 376 224 363 427 117 415 582 233 380 348 244 187 152 147 219 140 620 343 480 5 374 307 401 203 230 17 341 632 418 670 278 489 362 195 602 303 312 534 388 510 430 352 223 319 420 264 
512 263 644 141 661 522 857 397 17 751 345 603 266 52 312 287 689 465 443 672 684 337 811 711 694 531 483 849 31 207 543 634 234 484 549 305 784 394 28 949 609 651 597 520 391 0 408 172 693 136 644 64 1050 87 257 605 226 36 498 796 963 614 512 480 625 568 239 528 306 521 1001 724 752 386 755 688 10 584 317 398 722 241 690 942 550 98 449 576 983 684 693 143 475 891 811 484 604 406 552 127 
126 399 236 267 253 136 471 11 425 365 481 217 402 460 242 423 281 79 373 373 298 135 425 303 286 461 75 550 439 333 384 335 370 98 163 103 398 324 436 650 201 265 189 281 27 408 0 308 307 272 345 344 642 495 393 197 380 444 112 388 555 228 353 321 217 160 169 142 236 135 593 316 453 22 369 302 418 198 247 34 314 649 391 643 251 506 379 190 575 298 307 551 405 483 425 325 218 336 393 281 
412 91 544 41 561 422 757 297 189 651 173 503 94 224 212 115 589 365 343 572 584 237 711 611 594 431 383 749 203 107 443 534 62 384 449 205 684 294 200 849 509 551 497 420 291 172 308 0 593 36 544 108 950 259 85 505 144 208 398 696 863 514 412 380 525 468 139 428 206 421 901 624 652 286 655 588 182 484 217 298 622 413 590 842 450 270 349 476 883 584 593 315 375 791 711 384 504 306 452 45 
209 684 543 552 560 247 164 296 710 58 766 198 687 745 527 708 588 364 658 680 9 420 118 610 593 746 382 857 724 618 691 642 655 209 144 388 101 609 721 957 508 348 496 588 312 693 307 593 0 557 652 629 949 780 678 504 665 729 195 695 862 339 660 628 524 467 454 253 521 420 900 623 760 307 62 5 703 309 532 319 621 934 698 950 558 791 664 273 882 9 390 836 690 790 118 632 89 621 700 566 
376 127 508 5 525 386 721 261 153 615 209 467 130 188 176 151 553 329 307 536 548 201 675 575 558 395 347 713 167 71 407 498 98 348 413 169 648 258 164 813 473 515 461 384 255 136 272 36 557 0 508 72 914 223 121 469 108 172 362 660 827 478 376 344 489 432 103 392 170 385 865 588 616 250 619 552 146 448 181 262 586 377 554 806 414 234 313 440 847 548 557 279 339 755 675 348 468 270 416 9 
471 635 261 503 278 481 816 356 661 710 717 562 638 696 332 659 306 424 609 48 643 480 770 328 311 387 270 225 675 569 227 10 606 443 508 448 743 250 672 325 226 610 214 124 372 644 345 544 652 508 0 580 667 731 629 222 616 680 457 413 580 573 196 164 242 185 405 487 472 480 618 341 128 367 714 647 654 543 337 379 339 885 66 318 94 742 305 535 600 643 652 787 331 508 770 168 563 572 236 517 
448 199 580 77 597 458 793 333 81 687 281 539 202 116 248 223 625 401 379 608 620 273 747 647 630 467 419 785 95 143 479 570 170 420 485 241 720 330 92 885 545 587 533 456 327 64 344 108 629 72 580 0 986 151 193 541 162 100 434 732 899 550 448 416 561 504 175 464 242 457 937 660 688 322 691 624 74 520 253 334 658 305 626 878 486 162 385 512 919 620 629 207 411 827 747 420 540 342 488 63 
768 1041 558 909 389 778 1113 653 1067 1007 1123 859 1044 1102 811 1065 529 721 1015 695 940 777 1067 339 534 866 567 872 1081 975 706 657 1012 740 805 745 1040 729 1078 972 523 907 511 603 669 1050 642 950 949 914 667 986 0 1137 1035 445 1022 1086 754 254 231 870 675 643 465 482 811 784 878 777 269 638 775 664 1011 944 1060 840 816 676 562 1291 713 965 573 1148 784 832 67 940 949 1193 810 159 1067 647 860 978 715 923 
599 350 731 228 748 609 944 484 104 838 432 690 353 35 399 374 776 552 530 759 771 424 898 798 781 618 570 936 118 294 630 721 321 571 636 392 871 481 95 1036 696 738 684 607 478 87 495 259 780 223 731 151 1137 0 344 692 313 103 585 883 1050 701 599 567 712 655 326 615 393 608 1088 811 839 473 842 775 77 671 404 485 809 224 777 1029 637 185 536 663 1070 771 780 126 562 978 898 571 691 493 639 214 
497 176 629 126 646 507 842 382 274 736 134 588 55 309 297 76 674 450 428 657 669 322 796 696 679 516 468 834 288 192 528 619 23 469 534 290 769 379 285 934 594 636 582 505 376 257 393 85 678 121 629 193 1035 344 0 590 229 293 483 781 948 599 497 465 610 553 224 513 291 506 986 709 737 371 740 673 267 569 302 383 707 498 675 927 535 355 434 561 968 669 678 400 460 876 796 469 589 391 537 130 
323 596 113 464 56 333 668 208 622 562 678 414 599 657 366 620 84 276 570 250 495 332 622 106 89 421 122 427 636 530 261 212 567 295 360 300 595 284 633 527 78 462 66 158 224 605 197 505 504 469 222 541 445 692 590 0 577 641 309 191 358 425 230 198 20 37 366 339 433 332 396 193 330 219 566 499 615 395 371 231 117 846 268 520 128 703 339 387 378 495 504 748 365 286 622 202 415 533 270 478 
484 235 616 113 633 494 829 369 243 723 317 575 238 278 284 259 661 437 415 644 656 309 783 683 666 503 455 821 257 179 515 606 206 456 521 277 756 366 254 921 581 623 569 492 363 226 380 144 665 108 616 162 1022 313 229 577 0 262 470 768 935 586 484 452 597 540 211 500 278 493 973 696 724 358 727 660 236 556 289 370 694 467 662 914 522 324 421 548 955 656 665 369 447 863 783 456 576 378 524 99 
548 299 680 177 697 558 893 433 53 787 381 639 302 68 348 323 725 501 479 708 720 373 847 747 730 567 519 885 67 243 579 670 270 520 585 341 820 430 44 985 645 687 633 556 427 36 444 208 729 172 680 100 1086 103 293 641 262 0 534 832 999 650 548 516 661 604 275 564 342 557 1037 760 788 422 791 724 26 620 353 434 758 257 726 978 586 134 485 612 1019 720 729 159 511 927 847 520 640 442 588 163 
14 489 348 357 365 52 359 101 515 253 571 105 492 550 332 513 393 169 463 485 186 225 313 415 398 551 187 662 529 423 496 447 460 14 51 193 286 414 526 762 313 153 301 393 117 498 112 398 195 362 457 434 754 585 483 309 470 534 0 500 667 144 465 433 329 272 259 58 326 225 705 428 565 112 257 190 508 114 337 124 426 739 503 755 363 596 469 78 687 186 195 641 495 595 313 437 106 426 505 371 
514 787 304 655 135 524 859 399 813 753 869 605 790 848 557 811 275 467 761 441 686 523 813 85 280 612 313 618 827 721 452 403 758 486 551 491 786 475 824 718 269 653 257 349 415 796 388 696 695 660 413 732 254 883 781 191 768 832 500 0 167 616 421 389 211 228 557 530 624 523 205 384 521 410 757 690 806 586 562 422 308 1037 459 711 319 894 530 578 187 686 695 939 556 95 813 393 606 724 461 669 
681 954 471 822 302 691 1026 566 980 920 1036 772 957 1015 724 978 442 634 928 608 853 690 980 252 447 779 480 785 994 888 619 570 925 653 718 658 953 642 991 885 436 820 424 516 582 963 555 863 862 827 580 899 231 1050 948 358 935 999 667 167 0 783 588 556 378 395 724 697 791 690 38 551 688 577 924 857 973 753 729 589 475 1204 626 878 486 1061 697 745 164 853 862 1106 723 72 980 560 773 891 628 836 
158 605 464 473 481 92 503 217 631 397 687 249 608 666 448 629 509 285 579 601 330 341 457 531 514 667 303 778 645 539 612 563 576 130 195 309 430 530 642 878 429 297 417 509 233 614 228 514 339 478 573 550 870 701 599 425 586 650 144 616 783 0 581 549 445 388 375 98 442 341 821 544 681 228 401 334 624 230 453 240 542 855 619 871 479 712 585 222 803 330 339 757 611 711 457 553 250 542 621 487 
479 503 269 371 286 489 824 364 529 718 585 570 506 564 200 527 314 432 477 224 651 371 778 336 319 255 278 401 543 437 95 186 474 451 516 339 751 118 540 501 234 618 222 72 380 512 353 412 660 376 196 448 675 599 497 230 484 548 465 421 588 581 0 32 250 193 273 495 340 488 626 349 304 375 722 655 522 551 205 387 347 753 242 494 102 610 173 543 608 651 660 655 199 516 778 36 571 440 40 385 
447 471 237 339 254 457 792 332 497 686 553 538 474 532 168 495 282 400 445 192 619 339 746 304 287 223 246 369 511 405 63 154 442 419 484 307 719 86 508 469 202 586 190 40 348 480 321 380 628 344 164 416 643 567 465 198 452 516 433 389 556 549 32 0 218 161 241 463 308 456 594 317 272 343 690 623 490 519 173 355 315 721 210 462 70 578 141 511 576 619 628 623 167 484 746 4 539 408 72 353 
343 616 133 484 76 353 688 228 642 582 698 434 619 677 386 640 104 296 590 270 515 352 642 126 69 441 142 447 656 550 281 232 587 315 380 320 615 304 653 547 98 482 86 178 244 625 217 525 524 489 242 561 465 712 610 20 597 661 329 211 378 445 250 218 0 57 386 359 453 352 416 213 350 239 586 519 635 415 391 251 97 866 288 540 148 723 359 407 398 515 524 768 385 306 642 222 435 553 290 498 
286 559 76 427 93 296 631 171 585 525 641 377 562 620 329 583 121 239 533 213 458 295 585 143 126 384 85 390 599 493 224 175 530 258 323 263 558 247 596 490 41 425 29 121 187 568 160 468 467 432 185 504 482 655 553 37 540 604 272 228 395 388 193 161 57 0 329 302 396 295 433 156 293 182 529 462 578 358 334 194 154 809 231 483 91 666 302 350 415 458 467 711 328 323 585 165 378 496 233 441 
273 230 405 98 422 283 618 158 256 512 312 364 233 291 73 254 450 226 204 433 445 98 572 472 455 292 244 610 270 164 304 395 201 245 310 66 545 155 267 710 370 412 358 281 152 239 169 139 454 103 405 175 811 326 224 366 211 275 259 557 724 375 273 241 386 329 0 289 67 282 762 485 513 147 516 449 249 345 78 159 483 480 451 703 311 337 210 337 744 445 454 382 236 652 572 245 365 167 313 112 
72 519 378 387 395 6 417 131 545 311 601 163 522 580 362 543 423 199 493 515 244 255 371 445 428 581 217 692 559 453 526 477 490 44 109 223 344 444 556 792 343 211 331 423 147 528 142 428 253 392 487 464 784 615 513 339 500 564 58 530 697 98 495 463 359 302 289 0 356 255 735 458 595 142 315 248 538 144 367 154 456 769 533 785 393 626 499 136 717 244 253 671 525 625 371 467 164 456 535 401 
340 297 472 165 489 350 685 225 323 579 379 431 300 358 140 321 517 293 137 500 512 165 639 539 522 359 311 677 337 231 371 462 268 312 377 133 612 222 334 777 437 479 425 348 219 306 236 206 521 170 472 242 878 393 291 433 278 342 326 624 791 442 340 308 453 396 67 356 0 349 829 552 580 214 583 516 316 412 145 226 550 547 518 770 378 404 277 404 811 512 521 449 303 719 639 312 432 100 380 179 
239 512 371 380 388 249 584 124 538 478 594 330 515 573 355 536 416 56 486 508 411 248 538 438 421 574 210 685 552 446 519 470 483 211 276 216 511 437 549 785 336 378 324 416 140 521 135 421 420 385 480 457 777 608 506 332 493 557 225 523 690 341 488 456 352 295 282 255 349 0 728 451 588 135 482 415 531 311 360 147 449 762 526 778 386 619 492 303 710 411 420 664 518 618 538 460 331 449 528 394 
719 992 509 860 340 729 1064 604 1018 958 1074 810 995 1053 762 1016 480 672 966 646 891 728 1018 290 485 817 518 823 1032 926 657 608 963 691 756 696 991 680 1029 923 474 858 462 554 620 1001 593 901 900 865 618 937 269 1088 986 396 973 1037 705 205 38 821 626 594 416 433 762 735 829 728 0 589 726 615 962 895 1011 791 767 627 513 1242 664 916 524 1099 735 783 202 891 900 1144 761 110 1018 598 811 929 666 874 
442 715 80 583 249 452 787 327 741 681 797 533 718 776 485 739 277 395 689 369 614 451 741 299 282 540 241 546 755 649 380 331 686 414 479 419 714 403 752 646 197 581 185 277 343 724 316 624 623 588 341 660 638 811 709 193 696 760 428 384 551 544 349 317 213 156 485 458 552 451 589 0 449 338 685 618 734 514 490 350 310 965 387 639 247 822 458 506 571 614 623 867 484 479 741 321 534 652 389 597 
579 743 369 611 386 589 924 464 769 818 825 670 746 804 440 767 414 532 717 80 751 588 878 436 419 495 378 97 783 677 335 118 714 551 616 556 851 358 780 197 334 718 322 232 480 752 453 652 760 616 128 688 775 839 737 330 724 788 565 521 688 681 304 272 350 293 513 595 580 588 726 449 0 475 822 755 762 651 445 487 447 993 98 190 202 850 413 643 708 751 760 895 439 616 878 276 671 680 344 625 
126 377 258 245 275 136 471 11 403 365 459 217 380 438 220 401 303 79 351 395 298 113 425 325 308 439 97 572 417 311 406 357 348 98 163 81 398 302 414 672 223 265 211 303 5 386 22 286 307 250 367 322 664 473 371 219 358 422 112 410 577 228 375 343 239 182 147 142 214 135 615 338 475 0 369 302 396 198 225 12 336 627 413 665 273 484 357 190 597 298 307 529 383 505 425 347 218 314 415 259 
271 746 605 614 622 309 102 358 772 4 828 260 749 807 589 770 650 426 720 742 71 482 56 672 655 808 444 919 786 680 753 704 717 271 206 450 163 671 783 1019 570 410 558 650 374 755 369 655 62 619 714 691 1011 842 740 566 727 791 257 757 924 401 722 690 586 529 516 315 583 482 962 685 822 369 0 67 765 371 594 381 683 996 760 1012 620 853 726 335 944 71 452 898 752 852 56 694 151 683 762 628 
204 679 538 547 555 242 169 291 705 63 761 193 682 740 522 703 583 359 653 675 4 415 123 605 588 741 377 852 719 613 686 637 650 204 139 383 96 604 716 952 503 343 491 583 307 688 302 588 5 552 647 624 944 775 673 499 660 724 190 690 857 334 655 623 519 462 449 248 516 415 895 618 755 302 67 0 698 304 527 314 616 929 693 945 553 786 659 268 877 4 385 831 685 785 123 627 84 616 695 561 
522 273 654 151 671 532 867 407 27 761 355 613 276 42 322 297 699 475 453 682 694 347 821 721 704 541 493 859 41 217 553 644 244 494 559 315 794 404 18 959 619 661 607 530 401 10 418 182 703 146 654 74 1060 77 267 615 236 26 508 806 973 624 522 490 635 578 249 538 316 531 1011 734 762 396 765 698 0 594 327 408 732 231 700 952 560 108 459 586 993 694 703 133 485 901 821 494 614 416 562 137 
128 575 434 443 451 138 473 187 601 367 657 219 578 636 418 599 479 255 549 571 300 311 427 501 484 637 273 748 615 509 582 533 546 100 165 279 400 500 612 848 399 267 387 479 203 584 198 484 309 448 543 520 840 671 569 395 556 620 114 586 753 230 551 519 415 358 345 144 412 311 791 514 651 198 371 304 594 0 423 210 512 825 589 841 449 682 555 192 773 300 309 727 581 681 427 523 220 512 591 457 
351 308 410 176 427 361 696 236 334 590 390 442 311 369 5 332 455 304 282 365 523 176 650 477 460 224 322 542 348 242 236 327 279 323 388 144 623 87 345 642 375 490 363 213 230 317 247 217 532 181 337 253 816 404 302 371 289 353 337 562 729 453 205 173 391 334 78 367 145 360 767 490 445 225 594 527 327 423 0 237 488 558 383 635 243 415 142 415 749 523 532 460 168 657 650 177 443 245 245 190 
138 389 270 257 287 148 483 23 415 377 471 229 392 450 232 413 315 91 363 407 310 125 437 337 320 451 109 584 429 323 418 369 360 110 175 93 410 314 426 684 235 277 223 315 17 398 34 298 319 262 379 334 676 485 383 231 370 434 124 422 589 240 387 355 251 194 159 154 226 147 627 350 487 12 381 314 408 210 237 0 348 639 425 677 285 496 369 202 609 310 319 541 395 517 437 359 230 326 427 271 
440 713 230 581 173 450 785 325 739 679 795 531 716 774 483 737 201 393 687 367 612 449 739 223 166 538 239 544 753 647 378 329 684 412 477 417 712 401 750 644 195 579 183 275 341 722 314 622 621 586 339 658 562 809 707 117 694 758 426 308 475 542 347 315 97 154 483 456 550 449 513 310 447 336 683 616 732 512 488 348 0 963 385 637 245 820 456 504 495 612 621 865 482 403 739 319 532 650 387 595 
753 504 885 382 902 763 1098 638 258 992 586 844 507 189 553 528 930 706 684 913 925 578 1052 952 935 772 724 1090 272 448 784 875 475 725 790 546 1025 635 249 1190 850 892 838 761 632 241 649 413 934 377 885 305 1291 224 498 846 467 257 739 1037 1204 855 753 721 866 809 480 769 547 762 1242 965 993 627 996 929 231 825 558 639 963 0 931 1183 791 339 690 817 1224 925 934 98 716 1132 1052 725 845 647 793 368 
517 681 307 549 324 527 862 402 707 756 763 608 684 742 378 705 352 470 655 18 689 526 816 374 357 433 316 195 721 615 273 56 652 489 554 494 789 296 718 295 272 656 260 170 418 690 391 590 698 554 66 626 713 777 675 268 662 726 503 459 626 619 242 210 288 231 451 533 518 526 664 387 98 413 760 693 700 589 383 425 385 931 0 288 140 788 351 581 646 689 698 833 377 554 816 214 609 618 282 563 
769 933 559 801 576 779 1114 654 959 1008 1015 860 936 994 630 957 604 722 907 270 941 778 1068 626 609 685 568 93 973 867 525 308 904 741 806 746 1041 548 970 193 524 908 512 422 670 942 643 842 950 806 318 878 965 1029 927 520 914 978 755 711 878 871 494 462 540 483 703 785 770 778 916 639 190 665 1012 945 952 841 635 677 637 1183 288 0 392 1040 603 833 898 941 950 1085 629 806 1068 466 861 870 534 815 
377 541 167 409 184 387 722 262 567 616 623 468 544 602 238 565 212 330 515 122 549 386 676 234 217 293 176 299 581 475 133 84 512 349 414 354 649 156 578 399 132 516 120 30 278 550 251 450 558 414 94 486 573 637 535 128 522 586 363 319 486 479 102 70 148 91 311 393 378 386 524 247 202 273 620 553 560 449 243 285 245 791 140 392 0 648 211 441 506 549 558 693 237 414 676 74 469 478 142 423 
610 361 742 239 759 620 955 495 81 849 443 701 364 150 410 385 787 563 541 770 782 435 909 809 792 629 581 947 67 305 641 732 332 582 647 403 882 492 126 1047 707 749 695 618 489 98 506 270 791 234 742 162 1148 185 355 703 324 134 596 894 1061 712 610 578 723 666 337 626 404 619 1099 822 850 484 853 786 108 682 415 496 820 339 788 1040 648 0 547 674 1081 782 791 241 573 989 909 582 702 504 650 225 
483 440 378 308 395 493 828 368 466 722 522 574 443 501 137 464 423 436 414 333 655 308 782 445 428 82 387 510 480 374 204 295 411 455 520 276 755 55 477 610 343 622 331 181 362 449 379 349 664 313 305 385 784 536 434 339 421 485 469 530 697 585 173 141 359 302 210 499 277 492 735 458 413 357 726 659 459 555 142 369 456 690 351 603 211 547 0 547 717 655 664 592 26 625 782 145 575 377 213 322 
64 567 426 435 443 130 437 179 593 331 649 183 570 628 410 591 471 247 541 563 264 303 391 493 476 629 265 740 607 501 574 525 538 92 129 271 364 492 604 840 391 75 379 471 195 576 190 476 273 440 535 512 832 663 561 387 548 612 78 578 745 222 543 511 407 350 337 136 404 303 783 506 643 190 335 268 586 192 415 202 504 817 581 833 441 674 547 0 765 264 117 719 573 673 391 515 184 504 583 449 
701 974 491 842 322 711 1046 586 1000 940 1056 792 977 1035 744 998 462 654 948 628 873 710 1000 272 467 799 500 805 1014 908 639 590 945 673 738 678 973 662 1011 905 456 840 444 536 602 983 575 883 882 847 600 919 67 1070 968 378 955 1019 687 187 164 803 608 576 398 415 744 717 811 710 202 571 708 597 944 877 993 773 749 609 495 1224 646 898 506 1081 717 765 0 873 882 1126 743 92 1000 580 793 911 648 856 
200 675 534 543 551 238 173 287 701 67 757 189 678 736 518 699 579 355 649 671 0 411 127 601 584 737 373 848 715 609 682 633 646 200 135 379 100 600 712 948 499 339 487 579 303 684 298 584 9 548 643 620 940 771 669 495 656 720 186 686 853 330 651 619 515 458 445 244 512 411 891 614 751 298 71 4 694 300 523 310 612 925 689 941 549 782 655 264 873 0 381 827 681 781 127 623 80 612 691 557 
181 684 543 552 560 247 554 296 710 448 766 300 687 745 527 708 588 364 658 680 381 420 508 610 593 746 382 857 724 618 691 642 655 209 246 388 481 609 721 957 508 42 496 588 312 693 307 593 390 557 652 629 949 780 678 504 665 729 195 695 862 339 660 628 524 467 454 253 521 420 900 623 760 307 452 385 703 309 532 319 621 934 698 950 558 791 664 117 882 381 0 836 690 790 508 632 301 621 700 566 
655 406 787 284 804 665 1000 540 160 894 488 746 409 91 455 430 832 608 586 815 827 480 954 854 837 674 626 992 174 350 686 777 377 627 692 448 927 537 151 1092 752 794 740 663 534 143 551 315 836 279 787 207 1193 126 400 748 369 159 641 939 1106 757 655 623 768 711 382 671 449 664 1144 867 895 529 898 831 133 727 460 541 865 98 833 1085 693 241 592 719 1126 827 836 0 618 1034 954 627 747 549 695 270 
509 466 404 334 421 519 854 394 492 748 548 600 469 527 163 490 449 462 440 359 681 334 808 471 454 56 413 536 506 400 230 321 437 481 546 302 781 81 503 636 369 648 357 207 388 475 405 375 690 339 331 411 810 562 460 365 447 511 495 556 723 611 199 167 385 328 236 525 303 518 761 484 439 383 752 685 485 581 168 395 482 716 377 629 237 573 26 573 743 681 690 618 0 651 808 171 601 403 239 348 
609 882 399 750 230 619 954 494 908 848 964 700 885 943 652 906 370 562 856 536 781 618 908 180 375 707 408 713 922 816 547 498 853 581 646 586 881 570 919 813 364 748 352 444 510 891 483 791 790 755 508 827 159 978 876 286 863 927 595 95 72 711 516 484 306 323 652 625 719 618 110 479 616 505 852 785 901 681 657 517 403 1132 554 806 414 989 625 673 92 781 790 1034 651 0 908 488 701 819 556 764 
327 802 661 670 678 365 46 414 828 60 884 316 805 863 645 826 706 482 776 798 127 538 0 728 711 864 500 975 842 736 809 760 773 327 262 506 219 727 839 1075 626 466 614 706 430 811 425 711 118 675 770 747 1067 898 796 622 783 847 313 813 980 457 778 746 642 585 572 371 639 538 1018 741 878 425 56 123 821 427 650 437 739 1052 816 1068 676 909 782 391 1000 127 508 954 808 908 0 750 207 739 818 684 
451 475 241 343 258 461 796 336 501 690 557 542 478 536 172 499 286 404 449 196 623 343 750 308 291 227 250 373 515 409 59 158 446 423 488 311 723 90 512 473 206 590 194 44 352 484 325 384 632 348 168 420 647 571 469 202 456 520 437 393 560 553 36 4 222 165 245 467 312 460 598 321 276 347 694 627 494 523 177 359 319 725 214 466 74 582 145 515 580 623 632 627 171 488 750 0 543 412 76 357 
120 595 454 463 471 158 253 207 621 147 677 109 598 656 438 619 499 275 569 591 80 331 207 521 504 657 293 768 635 529 602 553 566 120 55 299 180 520 632 868 419 259 407 499 223 604 218 504 89 468 563 540 860 691 589 415 576 640 106 606 773 250 571 539 435 378 365 164 432 331 811 534 671 218 151 84 614 220 443 230 532 845 609 861 469 702 575 184 793 80 301 747 601 701 207 543 0 532 611 477 
440 397 572 265 589 450 785 325 423 679 479 531 400 458 240 421 617 393 37 600 612 265 739 639 622 459 411 777 437 331 471 562 368 412 477 233 712 322 434 877 537 579 525 448 319 406 336 306 621 270 572 342 978 493 391 533 378 442 426 724 891 542 440 408 553 496 167 456 100 449 929 652 680 314 683 616 416 512 245 326 650 647 618 870 478 504 377 504 911 612 621 549 403 819 739 412 532 0 480 279 
519 543 309 411 326 529 864 404 569 758 625 610 546 604 240 567 354 472 517 264 691 411 818 376 359 295 318 441 583 477 135 226 514 491 556 379 791 158 580 541 274 658 262 112 420 552 393 452 700 416 236 488 715 639 537 270 524 588 505 461 628 621 40 72 290 233 313 535 380 528 666 389 344 415 762 695 562 591 245 427 387 793 282 534 142 650 213 583 648 691 700 695 239 556 818 76 611 480 0 425 
385 136 517 14 534 395 730 270 144 624 218 476 139 179 185 160 562 338 316 545 557 210 684 584 567 404 356 722 158 80 416 507 107 357 422 178 657 267 155 822 482 524 470 393 264 127 281 45 566 9 517 63 923 214 130 478 99 163 371 669 836 487 385 353 498 441 112 401 179 394 874 597 625 259 628 561 137 457 190 271 595 368 563 815 423 225 322 449 856 557 566 270 348 764 684 357 477 279 425 0 
