0 342 323 550 36 124 524 137 354 323 380 521 442 545 162 767 225 208 632 427 480 316 96 813 853 455 860 230 184 615 777 445 712 857 647 307 340 135 443 411 444 694 351 102 471 401 701 470 
342 0 328 432 378 262 406 209 64 132 262 403 100 427 234 649 230 280 514 309 362 26 246 695 735 337 742 112 256 497 659 327 594 739 529 189 222 207 325 293 154 576 233 240 353 283 583 352 
323 328 0 603 359 243 577 190 264 196 433 574 428 598 215 820 98 261 685 480 533 302 227 866 906 508 913 283 237 668 830 498 765 910 700 360 393 188 496 464 354 747 404 221 524 454 754 523 
550 432 603 0 586 470 394 417 444 512 250 217 532 415 442 637 505 488 502 123 416 406 454 683 723 391 730 320 464 65 647 315 582 727 97 243 210 415 139 347 534 144 287 448 79 337 571 166 
36 378 359 586 0 160 560 173 390 359 416 557 478 581 198 803 261 244 668 463 516 352 132 849 889 491 896 266 220 651 813 481 748 893 683 343 376 171 479 447 480 730 387 138 507 437 737 506 
124 262 243 470 160 0 444 57 274 243 300 441 362 465 82 687 145 128 552 347 400 236 28 733 773 375 780 150 104 535 697 365 632 777 567 227 260 55 363 331 364 614 271 22 391 321 621 390 
524 406 577 394 560 444 0 391 418 486 144 365 506 179 416 401 479 462 266 271 390 380 428 447 487 365 494 294 438 459 411 79 346 491 491 217 184 389 287 321 508 538 261 422 315 311 335 314 
137 209 190 417 173 57 391 0 221 190 247 388 309 412 29 634 92 71 499 294 347 183 41 680 720 322 727 97 47 482 644 312 579 724 514 174 207 2 310 278 311 561 218 35 338 268 568 337 
354 64 264 444 390 274 418 221 0 68 274 415 164 439 246 661 166 292 526 321 374 38 258 707 747 349 754 124 268 509 671 339 606 751 541 201 234 219 337 305 90 588 245 252 365 295 595 364 
323 132 196 512 359 243 486 190 68 0 342 483 232 507 215 729 98 261 594 389 442 106 227 775 815 417 822 192 237 577 739 407 674 819 609 269 302 188 405 373 158 656 313 221 433 363 663 432 
380 262 433 250 416 300 144 247 274 342 0 221 362 165 272 387 335 318 252 127 246 236 284 433 473 221 480 150 294 315 397 65 332 477 347 73 40 245 143 177 364 394 117 278 171 167 321 170 
521 403 574 217 557 441 365 388 415 483 221 0 503 386 413 608 476 459 473 94 387 377 425 654 694 362 701 291 435 282 618 286 553 698 314 214 181 386 78 318 505 361 258 419 138 308 542 137 
442 100 428 532 478 362 506 309 164 232 362 503 0 527 334 749 330 380 614 409 462 126 346 795 835 437 842 212 356 597 759 427 694 839 629 289 322 307 425 393 254 676 333 340 453 383 683 452 
545 427 598 415 581 465 179 412 439 507 165 386 527 0 437 222 500 483 87 292 411 401 449 268 308 386 315 315 459 480 232 100 167 312 512 238 205 410 308 342 529 559 282 443 336 332 156 335 
162 234 215 442 198 82 416 29 246 215 272 413 334 437 0 659 117 100 524 319 372 208 66 705 745 347 752 122 76 507 669 337 604 749 539 199 232 27 335 303 336 586 243 60 363 293 593 362 
767 649 820 637 803 687 401 634 661 729 387 608 749 222 659 0 722 705 135 514 633 623 671 46 356 608 93 537 681 702 280 322 215 90 734 460 427 632 530 564 751 781 504 665 558 554 66 557 
225 230 98 505 261 145 479 92 166 98 335 476 330 500 117 722 0 163 587 382 435 204 129 768 808 410 815 185 139 570 732 400 667 812 602 262 295 90 398 366 256 649 306 123 426 356 656 425 
208 280 261 488 244 128 462 71 292 261 318 459 380 483 100 705 163 0 570 365 418 254 112 751 791 393 798 168 24 553 715 383 650 795 585 245 278 73 381 349 382 632 289 106 409 339 639 408 
632 514 685 502 668 552 266 499 526 594 252 473 614 87 524 135 587 570 0 379 498 488 536 181 221 473 228 402 546 567 145 187 80 225 599 325 292 497 395 429 616 646 369 530 423 419 69 422 
427 309 480 123 463 347 271 294 321 389 127 94 409 292 319 514 382 365 379 0 293 283 331 560 600 268 607 197 341 188 524 192 459 604 220 120 87 292 16 224 411 267 164 325 44 214 448 43 
480 362 533 416 516 400 390 347 374 442 246 387 462 411 372 633 435 418 498 293 0 336 384 679 719 25 726 250 394 481 643 311 578 723 513 173 206 345 309 69 464 560 129 378 337 79 567 336 
316 26 302 406 352 236 380 183 38 106 236 377 126 401 208 623 204 254 488 283 336 0 220 669 709 311 716 86 230 471 633 301 568 713 503 163 196 181 299 267 128 550 207 214 327 257 557 326 
96 246 227 454 132 28 428 41 258 227 284 425 346 449 66 671 129 112 536 331 384 220 0 717 757 359 764 134 88 519 681 349 616 761 551 211 244 39 347 315 348 598 255 6 375 305 605 374 
813 695 866 683 849 733 447 680 707 775 433 654 795 268 705 46 768 751 181 560 679 669 717 0 402 654 47 583 727 748 326 368 261 44 780 506 473 678 576 610 797 827 550 711 604 600 112 603 
853 735 906 723 889 773 487 720 747 815 473 694 835 308 745 356 808 791 221 600 719 709 757 402 0 694 449 623 767 788 76 408 141 446 820 546 513 718 616 650 837 867 590 751 644 640 290 643 
455 337 508 391 491 375 365 322 349 417 221 362 437 386 347 608 410 393 473 268 25 311 359 654 694 0 701 225 369 456 618 286 553 698 488 148 181 320 284 44 439 535 104 353 312 54 542 311 
860 742 913 730 896 780 494 727 754 822 480 701 842 315 752 93 815 798 228 607 726 716 764 47 449 701 0 630 774 795 373 415 308 91 827 553 520 725 623 657 844 874 597 758 651 647 159 650 
230 112 283 320 266 150 294 97 124 192 150 291 212 315 122 537 185 168 402 197 250 86 134 583 623 225 630 0 144 385 547 215 482 627 417 77 110 95 213 181 214 464 121 128 241 171 471 240 
184 256 237 464 220 104 438 47 268 237 294 435 356 459 76 681 139 24 546 341 394 230 88 727 767 369 774 144 0 529 691 359 626 771 561 221 254 49 357 325 358 608 265 82 385 315 615 384 
615 497 668 65 651 535 459 482 509 577 315 282 597 480 507 702 570 553 567 188 481 471 519 748 788 456 795 385 529 0 712 380 647 792 162 308 275 480 204 412 599 79 352 513 144 402 636 231 
777 659 830 647 813 697 411 644 671 739 397 618 759 232 669 280 732 715 145 524 643 633 681 326 76 618 373 547 691 712 0 332 65 370 744 470 437 642 540 574 761 791 514 675 568 564 214 567 
445 327 498 315 481 365 79 312 339 407 65 286 427 100 337 322 400 383 187 192 311 301 349 368 408 286 415 215 359 380 332 0 267 412 412 138 105 310 208 242 429 459 182 343 236 232 256 235 
712 594 765 582 748 632 346 579 606 674 332 553 694 167 604 215 667 650 80 459 578 568 616 261 141 553 308 482 626 647 65 267 0 305 679 405 372 577 475 509 696 726 449 610 503 499 149 502 
857 739 910 727 893 777 491 724 751 819 477 698 839 312 749 90 812 795 225 604 723 713 761 44 446 698 91 627 771 792 370 412 305 0 824 550 517 722 620 654 841 871 594 755 648 644 156 647 
647 529 700 97 683 567 491 514 541 609 347 314 629 512 539 734 602 585 599 220 513 503 551 780 820 488 827 417 561 162 744 412 679 824 0 340 307 512 236 444 631 241 384 545 176 434 668 263 
307 189 360 243 343 227 217 174 201 269 73 214 289 238 199 460 262 245 325 120 173 163 211 506 546 148 553 77 221 308 470 138 405 550 340 0 33 172 136 104 291 387 44 205 164 94 394 163 
340 222 393 210 376 260 184 207 234 302 40 181 322 205 232 427 295 278 292 87 206 196 244 473 513 181 520 110 254 275 437 105 372 517 307 33 0 205 103 137 324 354 77 238 131 127 361 130 
135 207 188 415 171 55 389 2 219 188 245 386 307 410 27 632 90 73 497 292 345 181 39 678 718 320 725 95 49 480 642 310 577 722 512 172 205 0 308 276 309 559 216 33 336 266 566 335 
443 325 496 139 479 363 287 310 337 405 143 78 425 308 335 530 398 381 395 16 309 299 347 576 616 284 623 213 357 204 540 208 475 620 236 136 103 308 0 240 427 283 180 341 60 230 464 59 
411 293 464 347 447 331 321 278 305 373 177 318 393 342 303 564 366 349 429 224 69 267 315 610 650 44 657 181 325 412 574 242 509 654 444 104 137 276 240 0 395 491 60 309 268 10 498 267 
444 154 354 534 480 364 508 311 90 158 364 505 254 529 336 751 256 382 616 411 464 128 348 797 837 439 844 214 358 599 761 429 696 841 631 291 324 309 427 395 0 678 335 342 455 385 685 454 
694 576 747 144 730 614 538 561 588 656 394 361 676 559 586 781 649 632 646 267 560 550 598 827 867 535 874 464 608 79 791 459 726 871 241 387 354 559 283 491 678 0 431 592 223 481 715 310 
351 233 404 287 387 271 261 218 245 313 117 258 333 282 243 504 306 289 369 164 129 207 255 550 590 104 597 121 265 352 514 182 449 594 384 44 77 216 180 60 335 431 0 249 208 50 438 207 
102 240 221 448 138 22 422 35 252 221 278 419 340 443 60 665 123 106 530 325 378 214 6 711 751 353 758 128 82 513 675 343 610 755 545 205 238 33 341 309 342 592 249 0 369 299 599 368 
471 353 524 79 507 391 315 338 365 433 171 138 453 336 363 558 426 409 423 44 337 327 375 604 644 312 651 241 385 144 568 236 503 648 176 164 131 336 60 268 455 223 208 369 0 258 492 87 
401 283 454 337 437 321 311 268 295 363 167 308 383 332 293 554 356 339 419 214 79 257 305 600 640 54 647 171 315 402 564 232 499 644 434 94 127 266 230 10 385 481 50 299 258 0 488 257 
701 583 754 571 737 621 335 568 595 663 321 542 683 156 593 66 656 639 69 448 567 557 605 112 290 542 159 471 615 636 214 256 149 156 668 394 361 566 464 498 685 715 438 599 492 488 0 491 
470 352 523 166 506 390 314 337 364 432 170 137 452 335 362 557 425 408 422 43 336 326 374 603 643 311 650 240 384 231 567 235 502 647 263 163 130 335 59 267 454 310 207 368 87 257 491 0 
